C:\Users\siwei\OneDrive\Paper\Final Code\DATA\wiki-topcats.txt
Preparation time:  136.75543069839478
{827296, 1061992, 1166026, 1062251, 1740554, 1062319, 906449, 413461, 413462, 668792}
Round:  0 Current Size:  10 IC:  36.019 IC_no_reject:  36.271  Time:  360.7883439064026
{1062018, 1403590, 1166026, 1740554, 507407, 906449, 270356, 413461, 413462, 1179605, 827296, 1409697, 1061992, 1061928, 1062251, 1062319, 668792, 1061818, 386621, 1099582}
Round:  0 Current Size:  20 IC:  66.282 IC_no_reject:  66.357  Time:  705.9002618789673
{1062018, 488452, 1403590, 1634377, 1166026, 1740554, 1060876, 1060490, 507407, 906449, 270356, 413461, 413462, 1179605, 91741, 827296, 1409697, 386594, 1061992, 1061928, 1062251, 1399342, 1062319, 946927, 1093045, 1061816, 668792, 1061818, 386621, 1099582}
Round:  0 Current Size:  30 IC:  94.266 IC_no_reject:  94.438  Time:  1041.9713153839111
{1062018, 488452, 1740554, 1060490, 1060876, 1163660, 507407, 270356, 413461, 413462, 1576342, 1062676, 1061918, 827296, 1409697, 386594, 1061928, 1399342, 1062319, 1093045, 621621, 1061816, 1061818, 386621, 1099582, 1179455, 1403590, 1634377, 1166026, 906449, 1179605, 91741, 1061992, 1376233, 1009898, 1062251, 1061867, 946927, 668792, 987513}
Round:  0 Current Size:  40 IC:  120.342 IC_no_reject:  120.167  Time:  1391.0759658813477
{1062018, 1208322, 488452, 105737, 1740554, 1060490, 1060876, 1163660, 507407, 270356, 413461, 413462, 1576342, 1062676, 1061918, 827296, 1409697, 386594, 1061928, 1179434, 1399342, 1062319, 1093045, 621621, 1061816, 1061817, 1061818, 386621, 1099582, 1179455, 823620, 1403590, 1634377, 1166026, 906449, 1179605, 1178588, 91741, 1061992, 1376233, 1009898, 1062251, 1061867, 824169, 946927, 305519, 1061619, 668792, 987513, 1062142}
Round:  0 Current Size:  50 IC:  144.414 IC_no_reject:  144.728  Time:  1764.7380650043488
4081020928 bytes
