C:\Users\siwei\OneDrive\Paper\Final Code\DATA\com-amazon(U).txt
Preparation time:  9.955382585525513
{98756, 515301, 414695, 199628, 145964, 194384, 296016, 291064, 76889, 239327}
Round:  0 Current Size:  10 IC:  11.506 IC_no_reject:  11.336  Time:  108.02709221839905
{98756, 399944, 199628, 194384, 296016, 135640, 76889, 38365, 88477, 270494, 239327, 215518, 515301, 414695, 154855, 145964, 468272, 291064, 548091, 360318}
Round:  0 Current Size:  20 IC:  23.152 IC_no_reject:  22.748  Time:  141.4995903968811
{98756, 399944, 203723, 199628, 194384, 296016, 181204, 135640, 76889, 38365, 88477, 270494, 239327, 215518, 37981, 515301, 414695, 154855, 547562, 145964, 35512, 423086, 468272, 18675, 291064, 437561, 548091, 518972, 360318, 477695}
Round:  0 Current Size:  30 IC:  33.67 IC_no_reject:  33.648  Time:  408.2518229484558
{413317, 194827, 88477, 270494, 238238, 377514, 145964, 423086, 468272, 35512, 437561, 518972, 538944, 98756, 318791, 399944, 394569, 203723, 199628, 346751, 194384, 296016, 181204, 135640, 76889, 38365, 215518, 239327, 37981, 515301, 414695, 154855, 547562, 265965, 18675, 291064, 10489, 548091, 360318, 477695}
Round:  0 Current Size:  40 IC:  44.359 IC_no_reject:  44.252  Time:  887.8769664764404
{413317, 194827, 297491, 61850, 88477, 270494, 238238, 518567, 214824, 377514, 259626, 145964, 423086, 468272, 436020, 356149, 35512, 437561, 518972, 538944, 98756, 318791, 399944, 394569, 203723, 199628, 346751, 194384, 296016, 181204, 482263, 135640, 76889, 424153, 38365, 215518, 239327, 37981, 515301, 414695, 154855, 547562, 265965, 37997, 18675, 291064, 10489, 548091, 360318, 477695}
Round:  0 Current Size:  50 IC:  55.103 IC_no_reject:  54.613  Time:  1049.9451122283936
429051904 bytes
