C:\Users\siwei\OneDrive\Paper\Final Code\DATA\Cit-HepPh.txt
Preparation time:  2.1033778190612793
{207108, 9806471, 202058, 201071, 208209, 3154, 101336, 204316, 111198, 204031}
Round:  0 Current Size:  10 IC:  43.721 IC_no_reject:  44.208  Time:  4.927899122238159
{207108, 9806471, 202058, 212304, 208209, 3154, 101336, 206169, 104027, 209244, 204316, 111198, 301023, 5025, 101224, 201071, 203056, 9704376, 206077, 204031}
Round:  0 Current Size:  20 IC:  78.526 IC_no_reject:  78.043  Time:  10.013228416442871
{211331, 207108, 9806471, 202058, 108236, 212237, 112312, 302031, 212304, 208209, 3154, 203219, 2258, 101336, 206169, 104027, 209244, 204316, 111198, 301023, 5025, 3238, 101224, 201001, 208043, 201071, 203056, 9704376, 206077, 204031}
Round:  0 Current Size:  30 IC:  106.136 IC_no_reject:  106.263  Time:  14.855087757110596
{211331, 207108, 9806471, 202122, 212237, 210323, 204316, 5025, 3238, 201001, 208043, 12333, 203056, 212406, 9801271, 112312, 9704376, 201146, 202058, 108236, 302031, 212304, 208209, 3154, 203219, 2258, 101336, 206169, 3033, 104027, 209244, 111198, 301023, 9810270, 101224, 201071, 210291, 9709301, 206077, 204031}
Round:  0 Current Size:  40 IC:  132.874 IC_no_reject:  133.066  Time:  19.80275821685791
{9905536, 211331, 207108, 110341, 9806471, 202122, 212237, 102159, 210192, 210323, 204316, 5025, 3238, 204200, 201001, 208043, 12333, 9712301, 203056, 9912369, 212406, 9801271, 112312, 9704376, 201146, 9712442, 203079, 202058, 108236, 302031, 212304, 208209, 3154, 203219, 2258, 101336, 206169, 3033, 104027, 209244, 111198, 301023, 9810270, 101224, 201071, 208114, 210291, 9709301, 206077, 204031}
Round:  0 Current Size:  50 IC:  156.303 IC_no_reject:  155.799  Time:  25.643068552017212
85413888 bytes
