C:\Users\siwei\OneDrive\Paper\Final Code\DATA\Cit-HepTh.txt
Preparation time:  1.7253870964050293
{7170, 9802051, 110055, 209230, 9809039, 9802067, 9905111, 204089, 206141, 9710046}
Round:  0 Current Size:  10 IC:  44.938 IC_no_reject:  45.01  Time:  4.4639482498168945
{7170, 9802051, 9807171, 101126, 207116, 209230, 9809039, 9802067, 9905111, 9710046, 9906018, 201253, 110055, 111208, 109162, 210157, 210292, 9806199, 204089, 206141}
Round:  0 Current Size:  20 IC:  81.674 IC_no_reject:  81.458  Time:  8.47515606880188
{3136, 109053, 7170, 9802051, 9807171, 9712253, 101126, 2118, 207116, 209230, 9809039, 303185, 9802067, 9905111, 303256, 106201, 9710046, 104031, 9906018, 201253, 110055, 111208, 109162, 212010, 210157, 206063, 210292, 9806199, 204089, 206141}
Round:  0 Current Size:  30 IC:  105.676 IC_no_reject:  104.938  Time:  12.336786270141602
{7170, 9712253, 101126, 207116, 9809039, 205200, 2199, 303256, 207130, 7195, 201253, 203048, 212010, 9801132, 204089, 5180, 206141, 3136, 102080, 9802051, 9807171, 2118, 209230, 303185, 9802067, 9905111, 106201, 209241, 9710046, 104031, 9906142, 9906018, 110055, 111208, 109162, 210157, 206063, 210292, 9806199, 109053}
Round:  0 Current Size:  40 IC:  128.917 IC_no_reject:  127.944  Time:  16.60632610321045
{7170, 9712253, 101126, 207116, 108172, 3086, 9809039, 205200, 208014, 2199, 303256, 209176, 207130, 7195, 201253, 203048, 212010, 301226, 9801132, 210224, 204089, 5180, 206141, 3136, 102080, 9802051, 9807171, 2118, 207175, 209230, 303185, 9802067, 9905111, 303191, 106201, 209241, 9812061, 9710046, 104031, 9906142, 9801182, 9906018, 110055, 111208, 109162, 210157, 206063, 210292, 9806199, 109053}
Round:  0 Current Size:  50 IC:  153.037 IC_no_reject:  150.634  Time:  21.618820905685425
70737920 bytes
