C:\Users\siwei\OneDrive\Paper\Final Code\DATA\gemsec_deezer_dataset(U).txt
Preparation time:  3.711106300354004
{46595, 49283, 31397, 37736, 15917, 30382, 50480, 5969, 5874, 43774}
Round:  0 Current Size:  10 IC:  11.337 IC_no_reject:  11.443  Time:  28.73906445503235
{17665, 46595, 49283, 21193, 43774, 33679, 5969, 35219, 45142, 89, 31397, 37736, 15917, 30382, 50480, 14000, 5874, 15478, 33144, 33534}
Round:  0 Current Size:  20 IC:  22.337 IC_no_reject:  22.224  Time:  67.58396458625793
{17665, 46595, 49283, 21193, 1420, 43774, 33679, 26255, 5969, 17743, 35219, 6804, 46869, 45142, 51222, 15893, 89, 53722, 22236, 31397, 37736, 15917, 30382, 6637, 50480, 14000, 5874, 15478, 33144, 33534}
Round:  0 Current Size:  30 IC:  32.936 IC_no_reject:  33.254  Time:  106.263503074646
{17665, 52610, 46595, 49283, 37891, 1420, 33534, 33679, 26255, 35219, 6804, 46869, 51222, 15893, 28055, 51481, 31397, 15917, 30382, 50480, 14000, 11069, 21193, 17743, 5969, 45142, 89, 53722, 22236, 28126, 37736, 43244, 6637, 5874, 9461, 15478, 49014, 33144, 19708, 43774}
Round:  0 Current Size:  40 IC:  44.252 IC_no_reject:  44.146  Time:  142.36692667007446
{17665, 52610, 46595, 49283, 37891, 1420, 33534, 33679, 26255, 46866, 35219, 6804, 46869, 51222, 15893, 28055, 51481, 31397, 19624, 15917, 30382, 50480, 14000, 53296, 7984, 9788, 11069, 13383, 4040, 21193, 17743, 5969, 6485, 45142, 54101, 89, 53722, 20315, 22236, 28126, 37736, 43244, 6637, 5874, 9461, 15478, 49014, 33144, 19708, 43774}
Round:  0 Current Size:  50 IC:  55.371 IC_no_reject:  54.965  Time:  169.98201894760132
141578240 bytes
