C:\Users\siwei\OneDrive\Paper\Final Code\DATA\WikiTalk.txt
Preparation time:  59.36031937599182
{1113, 1764, 1896, 3658, 7756, 3215, 4565, 7605, 1913, 25}
Round:  0 Current Size:  10 IC:  286.89 IC_no_reject:  286.055  Time:  149.3846082687378
{4935, 4551, 3658, 7756, 7438, 3215, 4690, 4565, 1113, 25, 1764, 1190, 1896, 299, 4972, 2607, 12147, 7605, 1913, 6714}
Round:  0 Current Size:  20 IC:  434.914 IC_no_reject:  434.571  Time:  296.1193149089813
{4935, 4551, 6718, 3658, 138, 7756, 1799, 7438, 3215, 4045, 4690, 4565, 1113, 25, 1764, 1190, 8615, 1896, 299, 4972, 2093, 2607, 12147, 1075, 7605, 1913, 6714, 1661, 5758, 63}
Round:  0 Current Size:  30 IC:  541.583 IC_no_reject:  540.59  Time:  442.435667514801
{1799, 3336, 138, 7438, 3215, 25, 2333, 1661, 1190, 8615, 299, 10155, 2093, 2607, 1075, 7605, 1591, 6714, 1722, 6718, 63, 4935, 4551, 3658, 7756, 4045, 4690, 2387, 4565, 1113, 12762, 1764, 1511, 1896, 3690, 4972, 12147, 1913, 1021, 5758}
Round:  0 Current Size:  40 IC:  634.407 IC_no_reject:  632.543  Time:  580.1198127269745
{1799, 3336, 138, 7438, 3215, 25, 2333, 1661, 1190, 8615, 2857, 299, 10155, 2093, 1454, 2607, 3504, 1075, 7605, 1591, 6714, 1722, 2621, 6718, 63, 4294, 4935, 4551, 2376, 3658, 966, 7756, 4045, 4690, 2387, 4565, 1113, 12762, 1764, 1511, 1896, 3690, 4972, 3052, 3823, 12147, 4339, 1913, 1021, 5758}
Round:  0 Current Size:  50 IC:  718.903 IC_no_reject:  716.676  Time:  720.2776801586151
1870405632 bytes
